#nsets
4
#nbins
56
#minbin
38
#binw
1
#year
1	1	1 	1
#month
2	5	8	11
#LF
0	4	0	1	3	2	2	6	6	9	6	12	14	19	22	33	26	39	25	25	25	22	34	26	21	22	13	17	8	9	10	5	8	1	0	1	0	0	0	0	0	0	0	0	0	0	0	0	0	1	0	0	0	0	0	0
2	1	2	2	4	3	5	10	4	2	10	15	26	28	37	39	40	38	59	55	66	74	48	65	48	40	35	33	17	25	19	11	5	14	7	7	2	2	2	0	4	1	3	5	1	1	1	1	0	0	0	0	0	1	0	1
0	0	0	0	1	0	1	0	3	2	4	7	11	11	26	28	19	32	40	21	29	37	45	35	39	32	29	17	14	15	10	10	15	7	5	2	1	0	1	4	2	2	1	1	3	0	1	0	1	0	0	1	2	0	0	0
0	0	0	0	0	0	0	3	1	3	5	7	6	12	5	10	17	19	25	26	27	34	27	23	23	21	25	19	22	18	11	4	9	3	9	2	4	1	2	1	3	1	2	1	0	2	2	1	0	0	1	0	0	0	1	0
#eof
999
